name: smth
channels:
  - conda-forge
  - defaults
dependencies:
  - av=0.4.0=py36_0
  - backcall=0.1.0=py_0
  - blas=1.0=mkl
  - bleach=3.0.1=py_0
  - bzip2=1.0.6=h470a237_2
  - certifi=2018.8.24=py36_1
  - cffi=1.11.5=py36h5e8e0c9_1
  - cycler=0.10.0=py36_0
  - decorator=4.3.0=py_0
  - entrypoints=0.2.3=py36_1002
  - ffmpeg=3.2.4=hf82bc7d_4
  - ipykernel=5.1.0=pyh24bf2e0_0
  - ipython=7.0.1=py36h24bf2e0_1000
  - ipython_genutils=0.2.0=py_1
  - ipywidgets=7.4.2=py_0
  - jedi=0.13.1=py36_1000
  - jinja2=2.10=py_1
  - jsonschema=2.6.0=py36_1002
  - jupyter=1.0.0=py_1
  - jupyter_client=5.2.3=py_1
  - jupyter_console=6.0.0=py_0
  - jupyter_core=4.4.0=py_0
  - libiconv=1.15=h470a237_3
  - markupsafe=1.0=py36h470a237_1
  - mistune=0.8.3=py36h470a237_2
  - mkl_fft=1.0.6=py36_0
  - mkl_random=1.0.1=py36_0
  - nbconvert=5.3.1=py_1
  - nbformat=4.4.0=py_1
  - ninja=1.8.2=h2d50403_1
  - notebook=5.7.0=py36_1000
  - olefile=0.46=py_0
  - pandocfilters=1.4.2=py_1
  - parso=0.3.1=py_0
  - pexpect=4.6.0=py36_1000
  - pickleshare=0.7.5=py36_1000
  - pip=18.1=py36_1000
  - prometheus_client=0.4.1=py_0
  - prompt_toolkit=2.0.5=py_0
  - ptyprocess=0.6.0=py36_1000
  - pycparser=2.19=py_0
  - pygments=2.2.0=py_1
  - python=3.6.6=h5001a0f_0
  - python-dateutil=2.7.3=py_0
  - pyzmq=17.1.2=py36hae99301_1
  - qtconsole=4.4.1=py36_1
  - send2trash=1.5.0=py_0
  - setuptools=40.4.3=py36_0
  - simplegeneric=0.8.1=py_1
  - sip=4.19.8=py36hfc679d8_0
  - six=1.11.0=py36_1001
  - terminado=0.8.1=py36_1001
  - testpath=0.4.2=py36_1000
  - torchvision=0.2.1=py36_0
  - tornado=5.1.1=py36h470a237_0
  - traitlets=4.3.2=py36_1000
  - wcwidth=0.1.7=py_1
  - webencodings=0.5.1=py_1
  - wheel=0.32.1=py36_0
  - widgetsnbextension=3.4.2=py36_1000
  - x264=1!152.20180717=h470a237_1
  - ca-certificates=2018.03.07=0
  - cudatoolkit=9.0=h13b8566_0
  - cudnn=7.1.2=cuda9.0_0
  - dbus=1.13.2=h714fa37_1
  - expat=2.2.6=he6710b0_0
  - fontconfig=2.13.0=h9420a91_0
  - freetype=2.9.1=h8a8886c_1
  - glib=2.56.2=hd408876_0
  - gmp=6.1.2=h6c8ec71_1
  - gst-plugins-base=1.14.0=hbbd80ab_1
  - gstreamer=1.14.0=hb453b48_1
  - icu=58.2=h9c2bf20_1
  - intel-openmp=2019.0=118
  - jpeg=9b=h024ee3a_2
  - kiwisolver=1.0.1=py36hf484d3e_0
  - libedit=3.1.20170329=h6b74fdf_2
  - libffi=3.2.1=hd88cf55_4
  - libgcc-ng=8.2.0=hdf63c60_1
  - libgfortran-ng=7.3.0=hdf63c60_0
  - libpng=1.6.34=hb9fc6fc_0
  - libsodium=1.0.16=h1bed415_0
  - libstdcxx-ng=8.2.0=hdf63c60_1
  - libtiff=4.0.9=he85c1e1_2
  - libuuid=1.0.3=h1bed415_2
  - libxcb=1.13=h1bed415_1
  - libxml2=2.9.8=h26e45fe_1
  - matplotlib=3.0.0=py36h5429711_0
  - mkl=2018.0.3=1
  - nccl=1.3.5=cuda9.0_0
  - ncurses=6.1=hf484d3e_0
  - numpy=1.15.2=py36h1d66e8a_1
  - numpy-base=1.15.2=py36h81de0dd_1
  - openssl=1.0.2p=h14c3975_0
  - pandoc=2.2.3.2=0
  - pcre=8.42=h439df22_0
  - pillow=5.3.0=py36h34e0f95_0
  - pyparsing=2.2.2=py36_0
  - pyqt=5.9.2=py36h05f1152_2
  - pytorch=0.4.1=py36ha74772b_0
  - pytz=2018.5=py36_0
  - qt=5.9.6=h8703b6f_2
  - readline=7.0=h7b6447c_5
  - scikit-learn=0.20.0=py36h4989274_1
  - scipy=1.1.0=py36hfa4b5c9_1
  - sqlite=3.25.2=h7b6447c_0
  - tk=8.6.8=hbc83047_0
  - xz=5.2.4=h14c3975_4
  - zeromq=4.2.5=hf484d3e_1
  - zlib=1.2.11=ha838bed_2
prefix: /home/manttari/anaconda3/envs/smth

